0.000006 
0.000064 
0.000266 
0.000717 
0.001501 
0.002667 
0.004269 
0.006358 
0.008986 
0.012182 
0.015985 
0.020412 
0.025507 
0.031282 
0.037736 
0.044860 
0.052650 
0.061088 
0.070145 
0.079790 
0.089999 
0.100779 
0.112121 
0.124019 
0.136474 
0.149484 
0.163057 
0.177226 
0.191996 
0.207374 
0.223375 
0.239982 
0.257228 
0.275086 
0.293531 
0.312558 
0.332146 
0.352260 
0.372843 
0.393831 
0.415225 
0.436947 
0.458923 
0.481058 
0.503263 
0.525458 
0.547546 
0.569459 
0.591141 
0.612542 
0.633628 
0.654371 
0.674742 
0.694723 
0.714280 
0.733371 
0.751954 
0.769976 
0.787395 
0.804177 
0.820313 
0.835786 
0.850569 
0.864655 
0.878033 
0.890716 
0.902699 
0.913979 
0.924568 
0.934463 
0.943668 
0.952187 
0.960023 
0.967174 
0.973637 
0.979394 
0.984457 
0.988815 
0.992452 
0.995375 
0.997599 
0.999117 
0.999914 
1.000000 
0.999379 
0.998069 
0.996095 
0.993475 
0.990224 
0.986359 
0.981906 
0.976893 
0.971321 
0.965211 
0.958580 
0.951440 
0.943800 
0.935683 
0.927096 
0.918028 
0.908459 
0.898395 
0.887845 
0.876834 
0.865368 
0.853473 
0.841172 
0.828503 
0.815501 
0.802178 
0.788533 
0.774583 
0.760364 
0.745912 
0.731269 
0.716450 
0.701468 
0.686358 
0.671146 
0.655838 
0.640461 
0.625044 
0.609597 
0.594121 
0.578604 
0.563012 
0.547355 
0.531655 
0.515936 
0.500219 
0.484516 
0.468846 
0.453207 
0.437610 
0.422070 
0.406608 
0.391231 
0.375930 
0.360704 
0.345530 
0.330410 
0.315343 
0.300331 
0.285386 
0.270520 
0.255737 
0.241021 
0.226384 
0.211845 
0.197405 
0.183062 
0.168836 
0.154724 
0.140724 
0.126851 
0.113121 
0.099554 
0.086162 
0.072969 
0.059999 
0.047278 
0.034811 
0.022579 
0.010579 
-0.001192 
-0.012712 
-0.023964 
-0.034935 
-0.045619 
-0.056022 
-0.066147 
-0.075980 
-0.085508 
-0.094723 
-0.103616 
-0.112192 
-0.120465 
-0.128435 
-0.136097 
-0.143452 
-0.150513 
-0.157275 
-0.163731 
-0.169877 
-0.175711 
-0.181232 
-0.186445 
-0.191349 
-0.195945 
-0.200238 
-0.204232 
-0.207924 
-0.211324 
-0.214435 
-0.217265 
-0.219826 
-0.222127 
-0.224167 
-0.225950 
-0.227484 
-0.228778 
-0.229839 
-0.230683 
-0.231322 
-0.231765 
-0.232022 
-0.232102 
-0.232013 
-0.231767 
-0.231372 
-0.230830 
-0.230147 
-0.229330 
-0.228385 
-0.227318 
-0.226133 
-0.224832 
-0.223420 
-0.221901 
-0.220283 
-0.218573 
-0.216776 
-0.214897 
-0.212938 
-0.210906 
-0.208805 
-0.206635 
-0.204402 
-0.202108 
-0.199757 
-0.197351 
-0.194891 
-0.192380 
-0.189822 
-0.187220 
-0.184578 
-0.181899 
-0.179185 
-0.176439 
-0.173663 
-0.170863 
-0.168041 
-0.165200 
-0.162343 
-0.159471 
-0.156587 
-0.153693 
-0.150794 
-0.147890 
-0.144985 
-0.142080 
-0.139179 
-0.136282 
-0.133391 
-0.130507 
-0.127633 
-0.124769 
-0.121919 
-0.119085 
-0.116269 
-0.113475 
-0.110704 
-0.107958 
-0.105238 
-0.102546 
-0.099883 
-0.097248 
-0.094644 
-0.092070 
-0.089526 
-0.087014 
-0.084532 
-0.082082 
-0.079663 
-0.077278 
-0.074926 
-0.072607 
-0.070321 
-0.068069 
-0.065852 
-0.063671 
-0.061528 
-0.059423 
-0.057358 
-0.055334 
-0.053350 
-0.051406 
-0.049503 
-0.047642 
-0.045824 
-0.044048 
-0.042315 
-0.040622 
-0.038970 
-0.037359 
-0.035787 
-0.034254 
-0.032762 
-0.031309 
-0.029895 
-0.028521 
-0.027185 
-0.025887 
-0.024628 
-0.023408 
-0.022226 
-0.021080 
-0.019971 
-0.018896 
-0.017855 
-0.016849 
-0.015876 
-0.014936 
-0.014029 
-0.013156 
-0.012314 
-0.011504 
-0.010725 
-0.009977 
-0.009259 
-0.008569 
-0.007908 
-0.007273 
-0.006664 
-0.006080 
-0.005522 
-0.004988 
-0.004477 
-0.003990 
-0.003525 
-0.003081 
-0.002658 
-0.002254 
-0.001870 
-0.001507 
-0.001162 
-0.000836 
-0.000528 
-0.000237 
0.000037 
0.000297 
0.000542 
0.000771 
0.000986 
0.001187 
0.001374 
0.001548 
0.001709 
0.001857 
0.001994 
0.002119 
0.002233 
0.002336 
0.002428 
0.002511 
0.002585 
0.002649 
0.002705 
0.002754 
0.002795 
0.002829 
0.002856 
0.002878 
0.002895 
0.002906 
0.002912 
0.002913 
0.002910 
0.002901 
0.002888 
0.002871 
0.002850 
0.002825 
0.002796 
0.002765 
0.002730 
0.002693 
0.002653 
0.002612 
0.002569 
0.002526 
0.002480 
0.002434 
0.002387 
0.002339 
0.002291 
0.002242 
0.002193 
0.002144 
0.002095 
0.002047 
0.001998 
0.001950 
0.001902 
0.001855 
0.001808 
0.001761 
0.001716 
0.001671 
0.001626 
0.001581 
0.001537 
0.001494 
0.001450 
0.001408 
0.001365 
0.001323 
0.001282 
0.001241 
0.001201 
0.001161 
0.001122 
0.001084 
0.001046 
0.001009 
0.000973 
0.000937 
0.000902 
0.000868 
0.000835 
0.000802 
0.000771 
0.000740 
0.000710 
0.000680 
0.000652 
0.000624 
0.000597 
0.000571 
0.000546 
0.000522 
0.000498 
0.000475 
0.000452 
0.000431 
0.000410 
0.000390 
0.000370 
0.000351 
0.000333 
0.000315 
0.000298 
0.000282 
0.000266 
0.000251 
0.000236 
0.000222 
0.000208 
0.000194 
0.000182 
0.000169 
0.000158 
0.000146 
0.000135 
0.000125 
0.000115 
0.000106 
0.000097 
0.000088 
0.000080 
0.000073 
0.000066 
0.000060 
0.000054 
0.000048 
0.000043 
0.000038 
0.000034 
0.000030 
0.000026 
0.000023 
0.000020 
0.000017 
0.000014 
0.000012 
0.000010 
0.000008 
0.000006 
0.000005 
0.000004 
0.000003 
0.000002 
0.000001 
0.000001 
0.000000 
0.000000 
0.000000 
0.000000 
0.000000 
0.000000 
0.000000 
0.000000 
0.000000 
0.000000 
0.000000 
0.000000 
0.000000 
0.000000 
0.000000 
0.000000 
0.000000 
0.000000 
0.000000 
0.000000 
0.000000 
0.000000 
0.000000 
0.000000 
0.000000 
0.000000 
0.000000 
0.000000 
0.000000 
0.000000 
0.000000 
0.000000 
0.000000 
0.000000 
0.000000 
0.000000 
0.000000 
0.000000 
0.000000 
0.000000 
0.000000 
0.000000 
0.000000 
0.000000 
0.000000 
0.000000 
0.000000 
0.000000 
0.000000 
0.000000 
0.000000 
0.000000 
0.000000 
0.000000 
0.000000 
0.000000 
0.000000 
0.000000 
0.000000 
0.000000 
0.000000 
0.000000 
0.000000 
0.000000 
0.000000 
0.000000 
0.000000 
0.000000 
0.000000 
0.000000 
0.000000 
0.000000 
0.000000 
0.000000 
0.000000 
0.000000 
